35647 35647
49291 49291
13623 13623
28120 28120
52355 52355
64818 64818
41805 41805
29277 29277
30389 30389
34528 34528
41729 41729
46262 46262
20242 20242
36114 36114
9726 9726
37229 37229
32880 32880
65633 65633
14646 14646
70237 70237
29603 29603
27619 27619
47451 47451
68265 68265
21563 21563
35959 35959
56623 56623
7049 7049
20838 20838
49839 49839
31223 31223
15385 15385
41835 41835
19259 19259
71845 71845
107530 107530
20189 20189
46959 46959
605 605
15294 15294
30487 30487
33983 33983
70939 70939
68658 68658
14918 14918
69851 69851
28412 28412
29056 29056
46353 46353
24822 24822
69500 69500
102502 102502
29267 29267
19549 19549
2161 2161
35449 35449
105009 105009
66468 66468
15058 15058
106922 106922
17830 17830
12537 12537
44511 44511
22897 22897
70639 70639
67838 67838
20957 20957
40582 40582
2430 2430
8417 8417
2916 2916
5844 5844
30056 30056
18529 18529
66471 66471
27803 27803
2078 2078
23495 23495
105250 105250
3246 3246
34384 34384
9436 9436
24664 24664
66661 66661
12307 12307
23145 23145
41590 41590
25077 25077
19566 19566
29182 29182
42908 42908
23787 23787
32680 32680
70995 70995
68182 68182
107149 107149
3799 3799
21745 21745
21673 21673
47380 47380
8389 8389
19420 19420
37703 37703
30153 30153
15746 15746
43698 43698
17306 17306
106069 106069
15815 15815
38914 38914
1341 1341
23232 23232
30242 30242
17768 17768
69105 69105
102642 102642
6591 6591
102210 102210
33630 33630
58911 58911
24904 24904
67735 67735
234 234
3524 3524
6397 6397
32232 32232
59754 59754
52645 52645
5411 5411
32787 32787
5523 5523
2086 2086
7236 7236
42644 42644
10774 10774
45390 45390
4964 4964
102529 102529
48272 48272
66388 66388
25268 25268
21916 21916
9278 9278
33400 33400
12667 12667
50855 50855
72071 72071
31337 31337
18723 18723
7355 7355
167 167
105885 105885
47903 47903
27678 27678
44726 44726
66790 66790
47455 47455
50335 50335
65705 65705
43737 43737
104931 104931
35383 35383
45746 45746
22221 22221
25078 25078
18642 18642
59867 59867
26572 26572
47302 47302
1048 1048
6418 6418
38639 38639
29357 29357
67475 67475
28198 28198
105911 105911
8630 8630
8366 8366
21031 21031
33220 33220
59390 59390
66153 66153
3874 3874
61024 61024
59399 59399
48857 48857
68160 68160
10323 10323
19932 19932
13807 13807
70737 70737
26739 26739
23654 23654
24856 24856
49487 49487
61568 61568
15157 15157
65183 65183
33733 33733
8579 8579
27390 27390
39492 39492
4150 4150
46658 46658
38015 38015
42997 42997
27083 27083
19195 19195
1951 1951
27202 27202
47927 47927
47114 47114
65919 65919
7551 7551
25226 25226
43703 43703
13972 13972
48511 48511
42696 42696
27558 27558
57900 57900
71617 71617
46632 46632
19328 19328
38959 38959
23545 23545
47640 47640
8963 8963
4944 4944
4213 4213
25409 25409
44062 44062
66116 66116
42877 42877
42267 42267
67954 67954
28383 28383
66341 66341
22966 22966
47514 47514
70714 70714
28164 28164
69667 69667
51777 51777
39311 39311
20965 20965
19691 19691
36403 36403
31718 31718
43547 43547
17754 17754
15503 15503
34487 34487
29845 29845
11222 11222
48807 48807
27665 27665
56503 56503
27592 27592
5985 5985
6035 6035
27119 27119
24247 24247
104720 104720
13673 13673
24958 24958
46021 46021
32739 32739
24760 24760
23390 23390
9595 9595
45511 45511
31152 31152
7385 7385
30268 30268
40903 40903
33566 33566
47156 47156
66948 66948
47840 47840
18177 18177
48184 48184
20920 20920
1506 1506
19719 19719
18817 18817
38655 38655
16860 16860
65431 65431
33050 33050
36303 36303
67599 67599
18421 18421
41477 41477
46289 46289
35373 35373
1214 1214
1151 1151
30522 30522
48154 48154
41000 41000
26381 26381
67705 67705
18984 18984
15304 15304
107669 107669
18627 18627
35658 35658
27446 27446
14279 14279
33013 33013
16561 16561
44829 44829
14894 14894
37949 37949
3402 3402
104422 104422
21028 21028
11441 11441
19628 19628
16359 16359
69974 69974
6757 6757
72666 72666
72743 72743
57678 57678
68527 68527
6017 6017
10017 10017
47796 47796
16883 16883
36477 36477
42587 42587
15862 15862
8595 8595
5721 5721
19253 19253
22845 22845
50137 50137
70863 70863
67941 67941
56728 56728
50921 50921
725 725
64289 64289
106600 106600
26296 26296
7751 7751
47042 47042
22192 22192
68086 68086
69858 69858
13516 13516
23987 23987
46727 46727
35453 35453
27294 27294
6030 6030
70922 70922
48531 48531
34287 34287
23116 23116
49525 49525
25786 25786
44273 44273
38983 38983
42453 42453
13195 13195
12952 12952
5503 5503
47986 47986
70629 70629
24103 24103
106172 106172
41961 41961
68641 68641
64246 64246
9162 9162
31331 31331
68581 68581
35239 35239
28785 28785
24050 24050
31344 31344
5270 5270
17057 17057
19007 19007
24182 24182
34900 34900
21760 21760
14073 14073
32490 32490
32058 32058
70261 70261
9290 9290
26791 26791
42314 42314
25743 25743
64866 64866
59630 59630
12195 12195
8155 8155
16983 16983
6611 6611
44462 44462
8578 8578
33556 33556
69365 69365
38688 38688
48049 48049
70206 70206
25977 25977
8419 8419
20986 20986
13225 13225
11335 11335
23308 23308
5005 5005
38112 38112
31139 31139
49524 49524
71086 71086
28740 28740
2033 2033
32042 32042
42426 42426
33779 33779
44687 44687
70159 70159
37460 37460
49024 49024
43144 43144
33384 33384
44206 44206
45314 45314
11858 11858
38148 38148
37221 37221
21935 21935
107193 107193
41606 41606
20691 20691
18525 18525
15567 15567
41362 41362
21393 21393
36705 36705
55761 55761
19993 19993
69790 69790
46365 46365
46564 46564
20585 20585
34247 34247
14133 14133
101720 101720
22071 22071
50291 50291
59370 59370
67150 67150
3997 3997
43728 43728
56963 56963
66180 66180
24830 24830
24864 24864
10136 10136
48015 48015
26403 26403
3487 3487
106443 106443
24501 24501
67094 67094
8660 8660
26001 26001
21304 21304
6472 6472
71941 71941
8216 8216
12170 12170
38119 38119
58896 58896
26971 26971
32319 32319
65276 65276
6222 6222
49354 49354
14287 14287
38291 38291
1307 1307
67132 67132
10536 10536
23678 23678
41958 41958
102528 102528
17358 17358
50425 50425
31474 31474
42853 42853
17969 17969
14340 14340
49044 49044
68190 68190
30441 30441
27790 27790
69078 69078
26175 26175
28539 28539
66460 66460
33694 33694
49526 49526
69833 69833
64803 64803
101540 101540
42902 42902
33418 33418
45275 45275
52409 52409
228 228
13133 13133
69250 69250
47206 47206
23731 23731
7440 7440
46677 46677
22016 22016
25866 25866
30388 30388
71183 71183
14413 14413
39201 39201
20655 20655
66983 66983
38437 38437
70849 70849
21113 21113
34026 34026
41899 41899
43633 43633
65091 65091
28413 28413
7721 7721
45304 45304
9292 9292
29486 29486
22510 22510
33033 33033
5202 5202
33912 33912
42377 42377
62114 62114
60864 60864
32611 32611
47024 47024
35547 35547
21341 21341
41357 41357
989 989
5249 5249
12314 12314
9224 9224
15967 15967
66325 66325
17310 17310
27759 27759
65832 65832
46214 46214
71000 71000
1753 1753
40630 40630
24060 24060
107209 107209
30949 30949
18391 18391
25079 25079
16488 16488
36691 36691
49807 49807
31990 31990
64691 64691
23231 23231
107401 107401
35840 35840
68442 68442
31981 31981
28451 28451
102176 102176
72297 72297
107522 107522
4334 4334
49236 49236
15233 15233
541 541
22258 22258
49918 49918
7685 7685
46087 46087
14772 14772
26997 26997
35885 35885
35072 35072
34379 34379
44775 44775
13219 13219
2778 2778
37718 37718
30077 30077
11695 11695
32675 32675
16509 16509
20035 20035
66415 66415
42345 42345
32215 32215
13576 13576
66412 66412
68273 68273
69748 69748
31524 31524
69927 69927
106054 106054
8577 8577
45643 45643
30561 30561
50935 50935
72385 72385
28718 28718
503 503
25494 25494
9132 9132
9203 9203
107529 107529
26360 26360
20367 20367
35201 35201
736 736
67985 67985
41558 41558
50670 50670
5327 5327
64129 64129
2794 2794
41291 41291
31418 31418
69289 69289
71191 71191
61814 61814
46662 46662
35098 35098
18110 18110
18606 18606
44960 44960
42787 42787
57081 57081
42907 42907
49751 49751
12697 12697
30189 30189
71481 71481
35683 35683
29535 29535
5588 5588
46809 46809
20531 20531
10806 10806
57914 57914
20152 20152
10601 10601
30185 30185
8590 8590
14412 14412
3816 3816
27453 27453
9838 9838
106940 106940
63801 63801
66887 66887
10547 10547
49222 49222
6481 6481
48878 48878
45738 45738
67344 67344
32770 32770
18654 18654
70707 70707
6789 6789
47756 47756
41789 41789
14414 14414
65690 65690
10172 10172
1205 1205
66614 66614
45520 45520
7903 7903
103889 103889
66295 66295
68936 68936
26127 26127
55623 55623
28371 28371
21775 21775
13535 13535
13567 13567
39232 39232
15140 15140
29496 29496
33469 33469
65790 65790
149061 149061
30786 30786
72460 72460
69838 69838
70769 70769
12556 12556
1829 1829
28173 28173
24304 24304
39068 39068
19536 19536
30136 30136
64892 64892
22807 22807
12398 12398
2339 2339
23750 23750
29726 29726
108349 108349
48489 48489
9360 9360
44434 44434
10939 10939
64603 64603
36354 36354
67373 67373
28138 28138
8251 8251
13999 13999
14536 14536
4745 4745
23783 23783
21485 21485
72542 72542
12709 12709
20935 20935
30978 30978
11820 11820
66007 66007
41493 41493
37005 37005
19320 19320
33953 33953
29115 29115
58385 58385
66473 66473
27627 27627
21928 21928
19703 19703
5864 5864
35311 35311
50172 50172
30515 30515
9819 9819
21414 21414
102145 102145
102978 102978
43682 43682
106246 106246
42784 42784
46503 46503
40942 40942
10117 10117
26136 26136
1835 1835
4609 4609
9491 9491
101579 101579
3670 3670
48668 48668
38631 38631
73681 73681
4558 4558
34517 34517
24948 24948
1241 1241
15262 15262
39559 39559
9560 9560
14227 14227
2466 2466
2824 2824
31944 31944
21220 21220
43740 43740
22989 22989
49606 49606
21381 21381
108325 108325
47068 47068
1745 1745
27855 27855
27589 27589
107016 107016
5928 5928
5377 5377
57779 57779
28126 28126
42899 42899
41966 41966
11294 11294
45700 45700
19917 19917
11034 11034
21255 21255
3194 3194
30871 30871
71734 71734
66419 66419
1720 1720
107015 107015
15337 15337
13383 13383
6387 6387
36013 36013
18691 18691
50505 50505
36984 36984
32668 32668
7892 7892
9977 9977
45989 45989
33025 33025
10906 10906
67820 67820
39054 39054
13650 13650
71836 71836
6658 6658
107114 107114
30755 30755
65181 65181
13168 13168
40781 40781
40523 40523
68170 68170
285 285
15169 15169
70323 70323
33896 33896
33009 33009
6140 6140
39424 39424
2914 2914
69011 69011
5886 5886
608 608
71045 71045
51995 51995
68504 68504
70126 70126
58063 58063
32387 32387
71991 71991
49923 49923
34835 34835
697 697
28674 28674
32360 32360
7532 7532
47434 47434
3070 3070
24236 24236
24491 24491
43574 43574
49312 49312
17233 17233
26332 26332
16567 16567
12736 12736
15913 15913
65094 65094
25354 25354
40170 40170
46918 46918
1727 1727
10109 10109
48579 48579
25731 25731
152 152
15198 15198
17107 17107
2239 2239
46171 46171
63889 63889
107619 107619
13042 13042
23083 23083
5846 5846
44649 44649
24850 24850
52900 52900
45973 45973
12725 12725
42576 42576
44222 44222
12142 12142
60999 60999
40759 40759
48431 48431
65892 65892
42892 42892
25338 25338
24292 24292
44952 44952
72339 72339
42436 42436
42568 42568
68693 68693
30963 30963
33189 33189
1368 1368
14411 14411
42347 42347
225 225
31150 31150
18247 18247
65655 65655
10852 10852
69418 69418
34195 34195
15476 15476
38092 38092
39046 39046
3550 3550
8810 8810
26796 26796
70144 70144
72063 72063
18939 18939
15559 15559
48276 48276
30534 30534
45912 45912
39110 39110
39986 39986
3412 3412
9311 9311
28937 28937
70372 70372
50827 50827
18232 18232
22423 22423
16299 16299
6479 6479
73524 73524
47983 47983
31648 31648
5242 5242
19830 19830
34342 34342
17650 17650
68697 68697
32499 32499
66561 66561
43725 43725
9479 9479
29010 29010
35475 35475
64481 64481
17372 17372
20264 20264
30865 30865
42209 42209
69678 69678
29454 29454
34115 34115
11753 11753
45671 45671
10042 10042
36833 36833
67246 67246
45712 45712
4168 4168
10305 10305
24791 24791
71635 71635
26684 26684
67503 67503
19574 19574
43650 43650
5268 5268
49468 49468
41462 41462
5816 5816
34418 34418
36155 36155
14663 14663
20917 20917
15672 15672
